0.000000000000000000e+00 0.000000000000000000e+00
2.000000000000000042e-02 9.947595486594191794e-01
4.000000000000000083e-02 1.927014696406861294e+00
5.999999999999999778e-02 2.738188423714754460e+00
8.000000000000000167e-02 3.377311702008060301e+00
1.000000000000000056e-01 3.804226065180614125e+00
1.199999999999999956e-01 3.992106913713086236e+00
1.400000000000000133e-01 3.929149002914754440e+00
1.600000000000000033e-01 3.619308209864077863e+00
1.799999999999999933e-01 3.082052971103157013e+00
2.000000000000000111e-01 2.351141009169892993e+00
2.200000000000000011e-01 1.472498210738712565e+00
2.399999999999999911e-01 5.013329342572181435e-01
2.600000000000000089e-01 -5.013329342572171443e-01
2.800000000000000266e-01 -1.472498210738713231e+00
2.999999999999999889e-01 -2.351141009169892104e+00
3.200000000000000067e-01 -3.082052971103157457e+00
3.400000000000000244e-01 -3.619308209864079195e+00
3.599999999999999867e-01 -3.929149002914754885e+00
3.800000000000000044e-01 -3.992106913713086236e+00
4.000000000000000222e-01 -3.804226065180614569e+00
4.199999999999999845e-01 -3.377311702008062078e+00
4.400000000000000022e-01 -2.738188423714755793e+00
4.600000000000000200e-01 -1.927014696406861294e+00
4.799999999999999822e-01 -9.947595486594213998e-01
5.000000000000000000e-01 -9.797174393178825657e-16
5.200000000000000178e-01 9.947595486594195124e-01
5.400000000000000355e-01 1.927014696406862626e+00
5.600000000000000533e-01 2.738188423714757125e+00
5.799999999999999600e-01 3.377311702008058969e+00
5.999999999999999778e-01 3.804226065180614125e+00
6.199999999999999956e-01 3.992106913713086236e+00
6.400000000000000133e-01 3.929149002914754440e+00
6.600000000000000311e-01 3.619308209864076975e+00
6.800000000000000488e-01 3.082052971103154348e+00
7.000000000000000666e-01 2.351141009169893437e+00
7.199999999999999734e-01 1.472498210738711899e+00
7.399999999999999911e-01 5.013329342572155900e-01
7.600000000000000089e-01 -5.013329342572127034e-01
7.800000000000000266e-01 -1.472498210738709012e+00
8.000000000000000444e-01 -2.351141009169891216e+00
8.200000000000000622e-01 -3.082052971103156569e+00
8.399999999999999689e-01 -3.619308209864075643e+00
8.599999999999999867e-01 -3.929149002914753996e+00
8.800000000000000044e-01 -3.992106913713086236e+00
9.000000000000000222e-01 -3.804226065180615013e+00
9.200000000000000400e-01 -3.377311702008060745e+00
9.400000000000000577e-01 -2.738188423714754016e+00
9.599999999999999645e-01 -1.927014696406865291e+00
9.799999999999999822e-01 -9.947595486594223990e-01
1.000000000000000000e+00 -1.959434878635765131e-15
1.020000000000000018e+00 9.947595486594186243e-01
1.040000000000000036e+00 1.927014696406861738e+00
1.060000000000000053e+00 2.738188423714756237e+00
1.080000000000000071e+00 3.377311702008062078e+00
1.100000000000000089e+00 3.804226065180615901e+00
1.120000000000000107e+00 3.992106913713086680e+00
1.140000000000000124e+00 3.929149002914754440e+00
1.159999999999999920e+00 3.619308209864080528e+00
1.179999999999999938e+00 3.082052971103159233e+00
1.199999999999999956e+00 2.351141009169894325e+00
1.219999999999999973e+00 1.472498210738712787e+00
1.239999999999999991e+00 5.013329342572165892e-01
1.260000000000000009e+00 -5.013329342572117042e-01
1.280000000000000027e+00 -1.472498210738714786e+00
1.300000000000000044e+00 -2.351141009169890328e+00
1.320000000000000062e+00 -3.082052971103160566e+00
1.340000000000000080e+00 -3.619308209864078307e+00
1.360000000000000098e+00 -3.929149002914756217e+00
1.380000000000000115e+00 -3.992106913713086236e+00
1.400000000000000133e+00 -3.804226065180615013e+00
1.419999999999999929e+00 -3.377311702008064742e+00
1.439999999999999947e+00 -2.738188423714754460e+00
1.459999999999999964e+00 -1.927014696406866179e+00
1.479999999999999982e+00 -9.947595486594164038e-01
1.500000000000000000e+00 -2.939152317953647500e-15
1.520000000000000018e+00 9.947595486594107417e-01
1.540000000000000036e+00 1.927014696406860850e+00
1.560000000000000053e+00 2.738188423714750463e+00
1.580000000000000071e+00 3.377311702008061634e+00
1.600000000000000089e+00 3.804226065180613237e+00
1.620000000000000107e+00 3.992106913713086680e+00
1.640000000000000124e+00 3.929149002914754885e+00
1.660000000000000142e+00 3.619308209864074755e+00
1.679999999999999938e+00 3.082052971103164563e+00
1.699999999999999956e+00 2.351141009169895213e+00
1.719999999999999973e+00 1.472498210738720337e+00
1.739999999999999991e+00 5.013329342572175884e-01
1.760000000000000009e+00 -5.013329342572107050e-01
1.780000000000000027e+00 -1.472498210738713897e+00
1.800000000000000044e+00 -2.351141009169889884e+00
1.820000000000000062e+00 -3.082052971103160122e+00
1.840000000000000080e+00 -3.619308209864077863e+00
1.860000000000000098e+00 -3.929149002914756217e+00
1.880000000000000115e+00 -3.992106913713086236e+00
1.900000000000000133e+00 -3.804226065180615457e+00
1.919999999999999929e+00 -3.377311702008065186e+00
1.939999999999999947e+00 -2.738188423714755348e+00
1.959999999999999964e+00 -1.927014696406866845e+00
1.979999999999999982e+00 -9.947595486594174030e-01
2.000000000000000000e+00 -3.918869757271530263e-15
2.020000000000000018e+00 9.947595486594098535e-01
2.040000000000000036e+00 1.927014696406860184e+00
2.060000000000000053e+00 2.738188423714749575e+00
2.080000000000000071e+00 3.377311702008061189e+00
2.100000000000000089e+00 3.804226065180613237e+00
2.120000000000000107e+00 3.992106913713086680e+00
2.140000000000000124e+00 3.929149002914754885e+00
2.160000000000000142e+00 3.619308209864075199e+00
2.180000000000000160e+00 3.082052971103156125e+00
2.200000000000000178e+00 2.351141009169884555e+00
2.220000000000000195e+00 1.472498210738707902e+00
2.240000000000000213e+00 5.013329342572043767e-01
2.260000000000000231e+00 -5.013329342572239167e-01
2.280000000000000249e+00 -1.472498210738713009e+00
2.300000000000000266e+00 -2.351141009169900542e+00
2.319999999999999840e+00 -3.082052971103150352e+00
2.339999999999999858e+00 -3.619308209864071202e+00
2.359999999999999876e+00 -3.929149002914753108e+00
2.379999999999999893e+00 -3.992106913713087124e+00
2.399999999999999911e+00 -3.804226065180615901e+00
2.419999999999999929e+00 -3.377311702008066074e+00
2.439999999999999947e+00 -2.738188423714755793e+00
2.459999999999999964e+00 -1.927014696406867733e+00
2.479999999999999982e+00 -9.947595486594184022e-01
2.500000000000000000e+00 -4.898587196589413026e-15
2.520000000000000018e+00 9.947595486594088543e-01
2.540000000000000036e+00 1.927014696406859295e+00
2.560000000000000053e+00 2.738188423714759345e+00
2.580000000000000071e+00 3.377311702008060745e+00
2.600000000000000089e+00 3.804226065180612792e+00
2.620000000000000107e+00 3.992106913713085348e+00
2.640000000000000124e+00 3.929149002914752664e+00
2.660000000000000142e+00 3.619308209864075643e+00
2.680000000000000160e+00 3.082052971103156569e+00
2.700000000000000178e+00 2.351141009169896989e+00
2.720000000000000195e+00 1.472498210738695690e+00
2.740000000000000213e+00 5.013329342572053759e-01
2.760000000000000231e+00 -5.013329342572229175e-01
2.780000000000000249e+00 -1.472498210738712121e+00
2.800000000000000266e+00 -2.351141009169888108e+00
2.819999999999999840e+00 -3.082052971103149908e+00
2.839999999999999858e+00 -3.619308209864070758e+00
2.859999999999999876e+00 -3.929149002914750444e+00
2.879999999999999893e+00 -3.992106913713086236e+00
2.899999999999999911e+00 -3.804226065180615901e+00
2.919999999999999929e+00 -3.377311702008066518e+00
2.939999999999999947e+00 -2.738188423714767339e+00
2.959999999999999964e+00 -1.927014696406856187e+00
2.979999999999999982e+00 -9.947595486594192904e-01
3.000000000000000000e+00 -5.878304635907295000e-15
3.020000000000000018e+00 9.947595486594079661e-01
3.040000000000000036e+00 1.927014696406845973e+00
3.060000000000000053e+00 2.738188423714758457e+00
3.080000000000000071e+00 3.377311702008060301e+00
3.100000000000000089e+00 3.804226065180612348e+00
3.120000000000000107e+00 3.992106913713085348e+00
3.140000000000000124e+00 3.929149002914752664e+00
3.160000000000000142e+00 3.619308209864076087e+00
3.180000000000000160e+00 3.082052971103157457e+00
3.200000000000000178e+00 2.351141009169897433e+00
3.220000000000000195e+00 1.472498210738696578e+00
3.240000000000000213e+00 5.013329342572063752e-01
3.260000000000000231e+00 -5.013329342572219183e-01
3.280000000000000249e+00 -1.472498210738711233e+00
3.300000000000000266e+00 -2.351141009169887219e+00
3.320000000000000284e+00 -3.082052971103167227e+00
3.339999999999999858e+00 -3.619308209864070314e+00
3.359999999999999876e+00 -3.929149002914750444e+00
3.379999999999999893e+00 -3.992106913713086236e+00
3.399999999999999911e+00 -3.804226065180616345e+00
3.419999999999999929e+00 -3.377311702008066963e+00
3.439999999999999947e+00 -2.738188423714767783e+00
3.459999999999999964e+00 -1.927014696406857075e+00
3.479999999999999982e+00 -9.947595486594202896e-01
3.500000000000000000e+00 -6.858022075225177763e-15
3.520000000000000018e+00 9.947595486594069669e-01
3.540000000000000036e+00 1.927014696406845085e+00
3.560000000000000053e+00 2.738188423714757569e+00
3.580000000000000071e+00 3.377311702008059413e+00
3.600000000000000089e+00 3.804226065180611904e+00
3.620000000000000107e+00 3.992106913713085348e+00
3.640000000000000124e+00 3.929149002914752664e+00
3.660000000000000142e+00 3.619308209864076531e+00
3.680000000000000160e+00 3.082052971103157901e+00
3.700000000000000178e+00 2.351141009169898322e+00
3.720000000000000195e+00 1.472498210738697466e+00
3.740000000000000213e+00 5.013329342572073744e-01
3.760000000000000231e+00 -5.013329342572209191e-01
3.780000000000000249e+00 -1.472498210738710345e+00
3.800000000000000266e+00 -2.351141009169886331e+00
3.820000000000000284e+00 -3.082052971103166783e+00
3.839999999999999858e+00 -3.619308209864069870e+00
3.859999999999999876e+00 -3.929149002914750000e+00
3.879999999999999893e+00 -3.992106913713086236e+00
3.899999999999999911e+00 -3.804226065180616789e+00
3.919999999999999929e+00 -3.377311702008067407e+00
3.939999999999999947e+00 -2.738188423714768671e+00
3.959999999999999964e+00 -1.927014696406857963e+00
3.979999999999999982e+00 -9.947595486594211778e-01
4.000000000000000000e+00 -3.331039293680801079e-14
4.020000000000000462e+00 4.024091288084617801e+00
4.040000000000000036e+00 6.669846445974321192e+00
4.060000000000000497e+00 7.075433309628289535e+00
4.080000000000000071e+00 5.215367364758823676e+00
4.099999999999999645e+00 1.902113032590395658e+00
4.120000000000000107e+00 -1.530658056898237085e+00
4.139999999999999680e+00 -3.741764596313525537e+00
4.160000000000000142e+00 -3.896684992838892470e+00
4.179999999999999716e+00 -1.985685028203395763e+00
4.200000000000000178e+00 1.175570504584961373e+00
4.219999999999999751e+00 4.262960619124089412e+00
4.240000000000000213e+00 5.957005564899541916e+00
4.259999999999999787e+00 5.455672630642355081e+00
4.280000000000000249e+00 2.790462408385544268e+00
4.299999999999999822e+00 -1.175570504584889875e+00
4.320000000000000284e+00 -5.067737999306533681e+00
4.339999999999999858e+00 -7.515993202702953013e+00
4.360000000000000320e+00 -7.670913599228295965e+00
4.379999999999999893e+00 -5.522764970611355295e+00
4.400000000000000355e+00 -1.902113032590251329e+00
4.419999999999999929e+00 1.838055662750727182e+00
4.440000000000000391e+00 4.337244885913577264e+00
4.459999999999999964e+00 4.742831749567508304e+00
4.480000000000000426e+00 3.029331739425030090e+00
4.500000000000000000e+00 7.340453027245056957e-15
4.520000000000000462e+00 -3.029331739425130010e+00
4.540000000000000036e+00 -4.742831749567455901e+00
4.560000000000000497e+00 -4.337244885913526637e+00
4.580000000000000071e+00 -1.838055662750888164e+00
4.600000000000000533e+00 1.902113032590404318e+00
4.620000000000000107e+00 5.522764970611336643e+00
4.639999999999999680e+00 7.670913599228290636e+00
4.660000000000000142e+00 7.515993202702963671e+00
4.679999999999999716e+00 5.067737999306558550e+00
4.700000000000000178e+00 1.175570504584920739e+00
4.719999999999999751e+00 -2.790462408385378623e+00
4.740000000000000213e+00 -5.455672630642339094e+00
4.759999999999999787e+00 -5.957005564899540140e+00
4.780000000000000249e+00 -4.262960619124238626e+00
4.799999999999999822e+00 -1.175570504584977805e+00
4.820000000000000284e+00 1.985685028203244995e+00
4.839999999999999858e+00 3.896684992838888917e+00
4.860000000000000320e+00 3.741764596313535307e+00
4.879999999999999893e+00 1.530658056898255515e+00
4.900000000000000355e+00 -1.902113032590374786e+00
4.919999999999999929e+00 -5.215367364758809465e+00
4.940000000000000391e+00 -7.075433309628278877e+00
4.959999999999999964e+00 -6.669846445974362048e+00
4.980000000000000426e+00 -4.024091288084410856e+00
5.000000000000000000e+00 9.945729745960031930e-16
5.020000000000000462e+00 4.024091288084576057e+00
5.040000000000000036e+00 6.669846445974305205e+00
5.060000000000000497e+00 7.075433309628277101e+00
5.080000000000000071e+00 5.215367364758932034e+00
5.100000000000000533e+00 1.902113032590198261e+00
5.120000000000000107e+00 -1.530658056898264618e+00
5.139999999999999680e+00 -3.741764596313482016e+00
5.160000000000000142e+00 -3.896684992838881367e+00
5.179999999999999716e+00 -1.985685028203237668e+00
5.200000000000000178e+00 1.175570504584997344e+00
5.219999999999999751e+00 4.262960619124119610e+00
5.240000000000000213e+00 5.957005564899516159e+00
5.259999999999999787e+00 5.455672630642344423e+00
5.280000000000000249e+00 2.790462408385365300e+00
5.299999999999999822e+00 -1.175570504584742437e+00
5.320000000000000284e+00 -5.067737999306423546e+00
5.339999999999999858e+00 -7.515993202702969000e+00
5.360000000000000320e+00 -7.670913599228285307e+00
5.379999999999999893e+00 -5.522764970611327762e+00
5.400000000000000355e+00 -1.902113032590391217e+00
5.419999999999999929e+00 1.838055662750754937e+00
5.440000000000000391e+00 4.337244885913596804e+00
5.459999999999999964e+00 4.742831749567536725e+00
5.480000000000000426e+00 3.029331739425138448e+00
5.500000000000000000e+00 1.273954541044273270e-13
5.520000000000000462e+00 -3.029331739425159320e+00
5.540000000000000036e+00 -4.742831749567508304e+00
5.560000000000000497e+00 -4.337244885913516868e+00
5.580000000000000071e+00 -1.838055662750860630e+00
5.600000000000000533e+00 1.902113032590264430e+00
5.620000000000000107e+00 5.522764970611365953e+00
5.639999999999999680e+00 7.670913599228248891e+00
5.660000000000000142e+00 7.515993202703012521e+00
5.679999999999999716e+00 5.067737999306530128e+00
5.700000000000000178e+00 1.175570504584874554e+00
5.719999999999999751e+00 -2.790462408385392834e+00
5.740000000000000213e+00 -5.455672630642348864e+00
5.759999999999999787e+00 -5.957005564899542804e+00
5.780000000000000249e+00 -4.262960619124209316e+00
5.799999999999999822e+00 -1.175570504584941611e+00
5.820000000000000284e+00 1.985685028203144631e+00
5.839999999999999858e+00 3.896684992838847617e+00
5.860000000000000320e+00 3.741764596313521984e+00
5.879999999999999893e+00 1.530658056898363872e+00
5.900000000000000355e+00 -1.902113032590410535e+00
5.919999999999999929e+00 -5.215367364758968449e+00
5.940000000000000391e+00 -7.075433309628289535e+00
5.959999999999999964e+00 -6.669846445974352278e+00
5.980000000000000426e+00 -4.024091288084535201e+00
6.000000000000000000e+00 -1.352307176964240132e-13
6.020000000000000462e+00 4.024091288084617801e+00
6.040000000000000036e+00 6.669846445974314975e+00
6.060000000000000497e+00 7.075433309628276213e+00
6.080000000000000071e+00 5.215367364758895619e+00
6.100000000000000533e+00 1.902113032590162733e+00
6.120000000000000107e+00 -1.530658056898293040e+00
6.140000000000000568e+00 -3.741764596313550406e+00
6.160000000000000142e+00 -3.896684992838870265e+00
6.179999999999999716e+00 -1.985685028203346691e+00
6.200000000000000178e+00 1.175570504584863007e+00
6.219999999999999751e+00 4.262960619124148920e+00
6.240000000000000213e+00 5.957005564899527705e+00
6.259999999999999787e+00 5.455672630642334653e+00
6.280000000000000249e+00 2.790462408385337323e+00
6.299999999999999822e+00 -1.175570504584777076e+00
6.320000000000000284e+00 -5.067737999306451968e+00
6.339999999999999858e+00 -7.515993202702979659e+00
6.360000000000000320e+00 -7.670913599228326163e+00
6.379999999999999893e+00 -5.522764970611437896e+00
6.400000000000000355e+00 -1.902113032590356134e+00
6.419999999999999929e+00 1.838055662750782471e+00
6.440000000000000391e+00 4.337244885913607462e+00
6.459999999999999964e+00 4.742831749567525179e+00
6.480000000000000426e+00 3.029331739425109138e+00
6.500000000000000000e+00 -5.097749383763249360e-14
6.520000000000000462e+00 -3.029331739425188630e+00
6.540000000000000036e+00 -4.742831749567467448e+00
6.560000000000000497e+00 -4.337244885913559500e+00
6.580000000000000071e+00 -1.838055662750832431e+00
6.600000000000000533e+00 1.902113032590299291e+00
6.620000000000000107e+00 5.522764970611393487e+00
6.640000000000000568e+00 7.670913599228359026e+00
6.660000000000000142e+00 7.515993202703001863e+00
6.679999999999999716e+00 5.067737999306502594e+00
6.700000000000000178e+00 1.175570504584840137e+00
6.719999999999999751e+00 -2.790462408385282700e+00
6.740000000000000213e+00 -5.455672630642306231e+00
6.759999999999999787e+00 -5.957005564899531258e+00
6.780000000000000249e+00 -4.262960619124180006e+00
6.799999999999999822e+00 -1.175570504584905640e+00
6.820000000000000284e+00 1.985685028203173719e+00
6.839999999999999858e+00 3.896684992838858719e+00
6.860000000000000320e+00 3.741764596313511770e+00
6.879999999999999893e+00 1.530658056898473118e+00
6.900000000000000355e+00 -1.902113032590275532e+00
6.919999999999999929e+00 -5.215367364758860091e+00
6.940000000000000391e+00 -7.075433309628301970e+00
6.959999999999999964e+00 -6.669846445974342508e+00
6.980000000000000426e+00 -4.024091288084507667e+00
7.000000000000000000e+00 -1.009257517850200300e-13
7.020000000000000462e+00 4.024091288084645335e+00
7.040000000000000036e+00 6.669846445974324745e+00
7.060000000000000497e+00 7.075433309628264666e+00
7.080000000000000071e+00 5.215367364759003976e+00
7.100000000000000533e+00 1.902113032590297514e+00
7.120000000000000107e+00 -1.530658056898322128e+00
7.140000000000000568e+00 -3.741764596313561064e+00
7.160000000000000142e+00 -3.896684992838858275e+00
7.179999999999999716e+00 -1.985685028203317604e+00
7.200000000000000178e+00 1.175570504584899201e+00
7.219999999999999751e+00 4.262960619124177342e+00
7.240000000000000213e+00 5.957005564899485961e+00
7.259999999999999787e+00 5.455672630642379062e+00
7.280000000000000249e+00 2.790462408385447457e+00
7.299999999999999822e+00 -1.175570504584811271e+00
7.320000000000000284e+00 -5.067737999306480390e+00
7.339999999999999858e+00 -7.515993202702990317e+00
7.360000000000000320e+00 -7.670913599228314617e+00
7.379999999999999893e+00 -5.522764970611408586e+00
7.400000000000000355e+00 -1.902113032590321051e+00
7.419999999999999929e+00 1.838055662750672559e+00
7.440000000000000391e+00 4.337244885913564829e+00
7.459999999999999964e+00 4.742831749567512745e+00
7.480000000000000426e+00 3.029331739425079384e+00
7.500000000000000000e+00 5.486665252434777275e-14
7.520000000000000462e+00 -3.029331739425218828e+00
7.540000000000000036e+00 -4.742831749567479882e+00
7.560000000000000497e+00 -4.337244885913548842e+00
7.580000000000000071e+00 -1.838055662750804453e+00
7.600000000000000533e+00 1.902113032590163844e+00
7.620000000000000107e+00 5.522764970611284241e+00
7.640000000000000568e+00 7.670913599228319057e+00
7.660000000000000142e+00 7.515993202702990317e+00
7.679999999999999716e+00 5.067737999306475061e+00
7.700000000000000178e+00 1.175570504584805720e+00
7.719999999999999751e+00 -2.790462408385310678e+00
7.740000000000000213e+00 -5.455672630642316001e+00
7.759999999999999787e+00 -5.957005564899519712e+00
7.780000000000000249e+00 -4.262960619124288364e+00
7.799999999999999822e+00 -1.175570504585039977e+00
7.820000000000000284e+00 1.985685028203203029e+00
7.839999999999999858e+00 3.896684992838870709e+00
7.860000000000000320e+00 3.741764596313500668e+00
7.879999999999999893e+00 1.530658056898445141e+00
7.900000000000000355e+00 -1.902113032590311059e+00
7.919999999999999929e+00 -5.215367364758888513e+00
7.940000000000000391e+00 -7.075433309628312628e+00
7.959999999999999964e+00 -6.669846445974384253e+00
7.980000000000000426e+00 -4.024091288084617801e+00
8.000000000000000000e+00 -1.018906136890597947e-13
8.019999999999999574e+00 5.645900019259803670e+00
8.040000000000000924e+00 6.908001969022079081e+00
8.060000000000000497e+00 3.213326306340384519e+00
8.080000000000000071e+00 -1.832667783791827709e+00
8.099999999999999645e+00 -3.804226065180645211e+00
8.120000000000000995e+00 -1.420993211980933868e+00
8.140000000000000568e+00 2.502909747781836280e+00
8.160000000000000142e+00 3.914150273519171996e+00
8.179999999999999716e+00 1.435565501614272321e+00
8.199999999999999289e+00 -2.351141009169645635e+00
8.220000000000000639e+00 -3.446438584871729383e+00
8.240000000000000213e+00 -3.813221043540937494e-01
8.259999999999999787e+00 4.185548169534471619e+00
8.279999999999999361e+00 5.797579594041651241e+00
8.300000000000000711e+00 2.351141009169811280e+00
8.320000000000000284e+00 -3.786706510784140001e+00
8.339999999999999858e+00 -7.718376338699783901e+00
8.359999999999999432e+00 -6.307135812962698651e+00
8.380000000000000782e+00 -9.301477971886733531e-01
8.400000000000000355e+00 3.804226065180595473e+00
8.419999999999999929e+00 4.183808792961911216e+00
8.439999999999999503e+00 5.908997588402025158e-01
8.460000000000000853e+00 -3.103775903841576866e+00
8.480000000000000426e+00 -3.294759010089962192e+00
8.500000000000000000e+00 7.548776127840402823e-14
8.519999999999999574e+00 3.294759010089887585e+00
8.540000000000000924e+00 3.103775903841361483e+00
8.560000000000000497e+00 -5.908997588400867196e-01
8.580000000000000071e+00 -4.183808792961831280e+00
8.599999999999999645e+00 -3.804226065180676741e+00
8.620000000000000995e+00 9.301477971891336516e-01
8.640000000000000568e+00 6.307135812962570753e+00
8.660000000000000142e+00 7.718376338699827421e+00
8.679999999999999716e+00 3.786706510784322077e+00
8.700000000000001066e+00 -2.351141009169997798e+00
8.720000000000000639e+00 -5.797579594041631701e+00
8.740000000000000213e+00 -4.185548169534566654e+00
8.759999999999999787e+00 3.813221043539476440e-01
8.779999999999999361e+00 3.446438584871704514e+00
8.800000000000000711e+00 2.351141009169759322e+00
8.820000000000000284e+00 -1.435565501614134210e+00
8.839999999999999858e+00 -3.914150273519145795e+00
8.859999999999999432e+00 -2.502909747781948191e+00
8.880000000000000782e+00 1.420993211980978277e+00
8.900000000000000355e+00 3.804226065180618566e+00
8.919999999999999929e+00 1.832667783791998239e+00
8.939999999999999503e+00 -3.213326306340216654e+00
8.960000000000000853e+00 -6.908001969022189215e+00
8.980000000000000426e+00 -5.645900019259969760e+00
9.000000000000000000e+00 -1.004160856849902590e-13
9.019999999999999574e+00 5.645900019259761038e+00
9.040000000000000924e+00 6.908001969022069311e+00
9.060000000000000497e+00 3.213326306340390293e+00
9.080000000000000071e+00 -1.832667783791785521e+00
9.099999999999999645e+00 -3.804226065180659866e+00
9.120000000000000995e+00 -1.420993211980952964e+00
9.140000000000000568e+00 2.502909747781826955e+00
9.160000000000000142e+00 3.914150273519142686e+00
9.179999999999999716e+00 1.435565501614291195e+00
9.200000000000001066e+00 -2.351141009169994689e+00
9.220000000000000639e+00 -3.446438584871720501e+00
9.240000000000000213e+00 -3.813221043540981903e-01
9.259999999999999787e+00 4.185548169534460072e+00
9.279999999999999361e+00 5.797579594041641471e+00
9.300000000000000711e+00 2.351141009169808171e+00
9.320000000000000284e+00 -3.786706510784140001e+00
9.339999999999999858e+00 -7.718376338699751038e+00
9.359999999999999432e+00 -6.307135812962702204e+00
9.380000000000000782e+00 -9.301477971886731311e-01
9.400000000000000355e+00 3.804226065180604355e+00
9.419999999999999929e+00 4.183808792961926315e+00
9.439999999999999503e+00 5.908997588402152834e-01
9.460000000000000853e+00 -3.103775903841540895e+00
9.480000000000000426e+00 -3.294759010089977291e+00
9.500000000000000000e+00 -2.449887819705831157e-13
9.519999999999999574e+00 3.294759010089871154e+00
9.540000000000000924e+00 3.103775903841361483e+00
9.560000000000000497e+00 -5.908997588400736189e-01
9.580000000000000071e+00 -4.183808792961816181e+00
9.599999999999999645e+00 -3.804226065180667860e+00
9.620000000000000995e+00 9.301477971891334295e-01
9.640000000000000568e+00 6.307135812962531674e+00
9.660000000000000142e+00 7.718376338699825645e+00
9.679999999999999716e+00 3.786706510784322077e+00
9.700000000000001066e+00 -2.351141009169886775e+00
9.720000000000000639e+00 -5.797579594041641471e+00
9.740000000000000213e+00 -4.185548169534578200e+00
9.759999999999999787e+00 3.813221043539427590e-01
9.779999999999999361e+00 3.446438584871622357e+00
9.800000000000000711e+00 2.351141009169779750e+00
9.820000000000000284e+00 -1.435565501614115114e+00
9.839999999999999858e+00 -3.914150273519140022e+00
9.859999999999999432e+00 -2.502909747781958849e+00
9.880000000000000782e+00 1.420993211981051330e+00
9.900000000000000355e+00 3.804226065180603022e+00
9.919999999999999929e+00 1.832667783791994687e+00
9.939999999999999503e+00 -3.213326306340210881e+00
9.960000000000000853e+00 -6.908001969022181221e+00
9.980000000000000426e+00 -5.645900019259965319e+00
1.000000000000000000e+01 -9.894155768092072335e-14
1.001999999999999957e+01 5.645900019259766367e+00
1.004000000000000092e+01 6.908001969022077304e+00
1.006000000000000050e+01 3.213326306340430705e+00
1.008000000000000007e+01 -1.832667783791789518e+00
1.009999999999999964e+01 -3.804226065180675409e+00
1.012000000000000099e+01 -1.420993211980971838e+00
1.014000000000000057e+01 2.502909747781815852e+00
1.016000000000000014e+01 3.914150273519148016e+00
1.017999999999999972e+01 1.435565501614310069e+00
1.020000000000000107e+01 -2.351141009169974261e+00
1.022000000000000064e+01 -3.446438584871716060e+00
1.024000000000000021e+01 -3.813221043538677080e-01
1.025999999999999979e+01 4.185548169534449414e+00
1.027999999999999936e+01 5.797579594041719631e+00
1.030000000000000071e+01 2.351141009169563478e+00
1.032000000000000028e+01 -3.786706510784140001e+00
1.033999999999999986e+01 -7.718376338699693306e+00
1.035999999999999943e+01 -6.307135812962465948e+00
1.038000000000000078e+01 -9.301477971886731311e-01
1.040000000000000036e+01 3.804226065180612348e+00
1.041999999999999993e+01 4.183808792961768219e+00
1.043999999999999950e+01 5.908997588402280510e-01
1.046000000000000085e+01 -3.103775903841541783e+00
1.048000000000000043e+01 -3.294759010090066553e+00
1.050000000000000000e+01 3.139057281891389658e-14
1.051999999999999957e+01 3.294759010089856943e+00
1.054000000000000092e+01 3.103775903841505368e+00
1.056000000000000050e+01 -5.908997588402971068e-01
1.058000000000000007e+01 -4.183808792961800194e+00
1.059999999999999964e+01 -3.804226065180865035e+00
1.062000000000000099e+01 9.301477971887657237e-01
1.064000000000000057e+01 6.307135812962528121e+00
1.066000000000000014e+01 7.718376338699823869e+00
1.067999999999999972e+01 3.786706510784048518e+00
1.070000000000000107e+01 -2.351141009170245599e+00
1.072000000000000064e+01 -5.797579594041650353e+00
1.074000000000000021e+01 -4.185548169534789587e+00
1.075999999999999979e+01 3.813221043539387622e-01
1.077999999999999936e+01 3.446438584871631239e+00
1.080000000000000071e+01 2.351141009169927631e+00
1.082000000000000028e+01 -1.435565501614369577e+00
1.083999999999999986e+01 -3.914150273519134693e+00
1.085999999999999943e+01 -2.502909747782139149e+00
1.088000000000000078e+01 1.420993211981216531e+00
1.090000000000000036e+01 3.804226065180588812e+00
1.091999999999999993e+01 1.832667783792256699e+00
1.093999999999999950e+01 -3.213326306340511973e+00
1.096000000000000085e+01 -6.908001969022208755e+00
1.098000000000000043e+01 -5.645900019259961766e+00
1.100000000000000000e+01 -5.095818164177093081e-13
1.101999999999999957e+01 5.645900019259769032e+00
1.104000000000000092e+01 6.908001969022083522e+00
1.106000000000000050e+01 3.213326306340707816e+00
1.108000000000000007e+01 -1.832667783792058191e+00
1.109999999999999964e+01 -3.804226065180576377e+00
1.112000000000000099e+01 -1.420993211980990933e+00
1.114000000000000057e+01 2.502909747782009475e+00
1.116000000000000014e+01 3.914150273519153789e+00
1.117999999999999972e+01 1.435565501614510353e+00
1.120000000000000107e+01 -2.351141009169826823e+00
1.122000000000000064e+01 -3.446438584871701849e+00
1.124000000000000021e+01 -3.813221043541070721e-01
1.125999999999999979e+01 4.185548169534636820e+00
1.127999999999999936e+01 5.797579594041714302e+00
1.130000000000000071e+01 2.351141009169801066e+00
1.132000000000000028e+01 -3.786706510783774515e+00
1.133999999999999986e+01 -7.718376338699753703e+00
1.135999999999999943e+01 -6.307135812962709309e+00
1.138000000000000078e+01 -9.301477971890415031e-01
1.140000000000000036e+01 3.804226065180713157e+00
1.141999999999999993e+01 4.183808792961958289e+00
1.143999999999999950e+01 5.908997588405129342e-01
1.146000000000000085e+01 -3.103775903841684780e+00
1.148000000000000043e+01 -3.294759010090007934e+00
1.150000000000000000e+01 -1.753991327084572176e-13
1.151999999999999957e+01 3.294759010090007045e+00
1.154000000000000092e+01 3.103775903841396566e+00
1.156000000000000050e+01 -5.908997588400475287e-01
1.158000000000000007e+01 -4.183808792961703382e+00
1.159999999999999964e+01 -3.804226065180650984e+00
1.162000000000000099e+01 9.301477971891336516e-01
1.164000000000000057e+01 6.307135812962285648e+00
1.166000000000000014e+01 7.718376338699727945e+00
1.167999999999999972e+01 3.786706510784413560e+00
1.170000000000000107e+01 -2.351141009169894325e+00
1.172000000000000064e+01 -5.797579594041655682e+00
1.174000000000000021e+01 -4.185548169534601293e+00
1.175999999999999979e+01 3.813221043536638710e-01
1.177999999999999936e+01 3.446438584871736932e+00
1.180000000000000071e+01 2.351141009169819718e+00
1.182000000000000028e+01 -1.435565501614169515e+00
1.183999999999999986e+01 -3.914150273519152456e+00
1.185999999999999943e+01 -2.502909747781945526e+00
1.188000000000000078e+01 1.420993211981013360e+00
1.190000000000000036e+01 3.804226065180594585e+00
1.191999999999999993e+01 1.832667783791987137e+00
1.193999999999999950e+01 -3.213326306340199334e+00
1.196000000000000085e+01 -6.908001969022093292e+00
1.198000000000000043e+01 -5.645900019259699754e+00
1.200000000000000000e+01 -6.463163992442400098e-14
1.201999999999999957e+01 5.931365322981344335e+00
1.204000000000000092e+01 9.406570237535426315e+00
1.206000000000000050e+01 9.634935378381442206e+00
1.208000000000000007e+01 7.749384698072526056e+00
1.209999999999999964e+01 5.521079438704282083e+00
1.212000000000000099e+01 3.766891094619720270e+00
1.214000000000000057e+01 1.902649102525260094e+00
1.216000000000000014e+01 -1.026651383848820487e+00
1.217999999999999972e+01 -4.912771923518649331e+00
1.220000000000000107e+01 -8.196237382653713155e+00
1.222000000000000064e+01 -8.977061262395244157e+00
1.224000000000000021e+01 -6.641741002360112667e+00
1.225999999999999979e+01 -2.497383728897867972e+00
1.228000000000000114e+01 1.213048287950158732e+00
1.230000000000000071e+01 3.059921207292106704e+00
1.232000000000000028e+01 3.381829246992003490e+00
1.233999999999999986e+01 3.617753816887371521e+00
1.235999999999999943e+01 4.681775848544918794e+00
1.238000000000000078e+01 5.922021233959981146e+00
1.240000000000000036e+01 5.653338534634915646e+00
1.241999999999999993e+01 2.783534329027880005e+00
1.243999999999999950e+01 -1.973676154080803213e+00
1.246000000000000085e+01 -6.439743180728347838e+00
1.248000000000000043e+01 -8.588176905604523625e+00
1.250000000000000000e+01 -8.000000000000007105e+00
1.251999999999999957e+01 -5.889055933851950364e+00
1.254000000000000092e+01 -3.759040655250834639e+00
1.256000000000000050e+01 -2.005362040556718295e+00
1.258000000000000007e+01 2.145667043437515797e-01
1.259999999999999964e+01 3.751225502044109206e+00
1.262000000000000099e+01 8.098885646741816657e+00
1.264000000000000057e+01 1.128665180630744302e+01
1.266000000000000014e+01 1.125866995732465980e+01
1.267999999999999972e+01 7.570924447866945073e+00
1.270000000000000107e+01 1.884350702706797609e+00
1.272000000000000064e+01 -3.218380024978852560e+00
1.274000000000000021e+01 -6.075844990765997267e+00
1.275999999999999979e+01 -6.867505805672180941e+00
1.278000000000000114e+01 -6.896773958636422286e+00
1.280000000000000071e+01 -7.020666878068752226e+00
1.282000000000000028e+01 -6.750726115223785406e+00
1.283999999999999986e+01 -4.863341459105823716e+00
1.285999999999999943e+01 -8.980007900567500423e-01
1.288000000000000078e+01 3.941167691007868790e+00
1.290000000000000036e+01 7.423192471294834505e+00
1.291999999999999993e+01 7.967211313586638255e+00
1.293999999999999950e+01 5.862395199676612378e+00
1.296000000000000085e+01 2.921641646877396248e+00
1.298000000000000043e+01 8.811033420592502274e-01
1.300000000000000000e+01 -2.469804038423214995e-13
1.301999999999999957e+01 -8.811033420591183329e-01
1.304000000000000092e+01 -2.921641646877563225e+00
1.306000000000000050e+01 -5.862395199676456947e+00
1.308000000000000007e+01 -7.967211313586563648e+00
1.309999999999999964e+01 -7.423192471294933981e+00
1.312000000000000099e+01 -3.941167691007585017e+00
1.314000000000000057e+01 8.980007900564664913e-01
1.316000000000000014e+01 4.863341459105624764e+00
1.317999999999999972e+01 6.750726115224024326e+00
1.320000000000000107e+01 7.020666878068754890e+00
1.322000000000000064e+01 6.896773958636419621e+00
1.324000000000000021e+01 6.867505805672225350e+00
1.325999999999999979e+01 6.075844990766142928e+00
1.328000000000000114e+01 3.218380024978596765e+00
1.330000000000000071e+01 -1.884350702707159542e+00
1.332000000000000028e+01 -7.570924447866656415e+00
1.333999999999999986e+01 -1.125866995732454257e+01
1.335999999999999943e+01 -1.128665180630750697e+01
1.338000000000000078e+01 -8.098885646742044031e+00
1.340000000000000036e+01 -3.751225502044352123e+00
1.341999999999999993e+01 -2.145667043439389854e-01
1.343999999999999950e+01 2.005362040556577075e+00
1.346000000000000085e+01 3.759040655250951879e+00
1.348000000000000043e+01 5.889055933851798486e+00
1.350000000000000000e+01 7.999999999999911182e+00
1.351999999999999957e+01 8.588176905604569811e+00
1.354000000000000092e+01 6.439743180727776739e+00
1.356000000000000050e+01 1.973676154081117406e+00
1.358000000000000007e+01 -2.783534329027651300e+00
1.359999999999999964e+01 -5.653338534634777979e+00
1.362000000000000099e+01 -5.922021233959932296e+00
1.364000000000000057e+01 -4.681775848544999619e+00
1.366000000000000014e+01 -3.617753816887427476e+00
1.367999999999999972e+01 -3.381829246992057669e+00
1.370000000000000107e+01 -3.059921207292051193e+00
1.372000000000000064e+01 -1.213048287949527904e+00
1.374000000000000021e+01 2.497383728897598854e+00
1.375999999999999979e+01 6.641741002359887069e+00
1.378000000000000114e+01 8.977061262395205077e+00
1.380000000000000071e+01 8.196237382653571046e+00
1.382000000000000028e+01 4.912771923518853612e+00
1.383999999999999986e+01 1.026651383849058075e+00
1.385999999999999943e+01 -1.902649102525092006e+00
1.388000000000000078e+01 -3.766891094619822411e+00
1.390000000000000036e+01 -5.521079438704430409e+00
1.391999999999999993e+01 -7.749384698072409705e+00
1.393999999999999950e+01 -9.634935378381387139e+00
1.396000000000000085e+01 -9.406570237535312629e+00
1.398000000000000043e+01 -5.931365322981684507e+00
1.400000000000000000e+01 -3.596206742158680923e-13
1.401999999999999957e+01 5.931365322981489996e+00
1.404000000000000092e+01 9.406570237535241574e+00
1.406000000000000050e+01 9.634935378381484838e+00
1.408000000000000007e+01 7.749384698072491418e+00
1.409999999999999964e+01 5.521079438704443731e+00
1.412000000000000099e+01 3.766891094619565727e+00
1.414000000000000057e+01 1.902649102525548086e+00
1.416000000000000014e+01 -1.026651383848978139e+00
1.417999999999999972e+01 -4.912771923518429062e+00
1.420000000000000107e+01 -8.196237382653798420e+00
1.422000000000000064e+01 -8.977061262395270802e+00
1.424000000000000021e+01 -6.641741002360030954e+00
1.425999999999999979e+01 -2.497383728897744959e+00
1.428000000000000114e+01 1.213048287949853865e+00
1.430000000000000071e+01 3.059921207292251033e+00
1.432000000000000028e+01 3.381829246991784998e+00
1.433999999999999986e+01 3.617753816887444795e+00
1.435999999999999943e+01 4.681775848544935670e+00
1.438000000000000078e+01 5.922021233959861242e+00
1.440000000000000036e+01 5.653338534635165225e+00
1.441999999999999993e+01 2.783534329027740117e+00
1.443999999999999950e+01 -1.973676154080944212e+00
1.446000000000000085e+01 -6.439743180728119576e+00
1.448000000000000043e+01 -8.588176905604559153e+00
1.450000000000000000e+01 -8.000000000000028422e+00
1.451999999999999957e+01 -5.889055933851851776e+00
1.454000000000000092e+01 -3.759040655251065122e+00
1.456000000000000050e+01 -2.005362040556573522e+00
1.458000000000000007e+01 2.145667043434731358e-01
1.459999999999999964e+01 3.751225502044245097e+00
1.462000000000000099e+01 8.098885646741894817e+00
1.464000000000000057e+01 1.128665180630742348e+01
1.466000000000000014e+01 1.125866995732461895e+01
1.467999999999999972e+01 7.570924447867160012e+00
1.470000000000000107e+01 1.884350702706700798e+00
1.472000000000000064e+01 -3.218380024978566567e+00
1.474000000000000021e+01 -6.075844990766139375e+00
1.475999999999999979e+01 -6.867505805672022845e+00
1.478000000000000114e+01 -6.896773958636432056e+00
1.480000000000000071e+01 -7.020666878068684724e+00
1.482000000000000028e+01 -6.750726115223971924e+00
1.483999999999999986e+01 -4.863341459105690490e+00
1.485999999999999943e+01 -8.980007900570564638e-01
1.488000000000000078e+01 3.941167691008034879e+00
1.490000000000000036e+01 7.423192471294645323e+00
1.491999999999999993e+01 7.967211313586662236e+00
1.493999999999999950e+01 5.862395199676689650e+00
1.496000000000000085e+01 2.921641646877302101e+00
1.498000000000000043e+01 8.811033420591121157e-01
1.500000000000000000e+01 1.960053859272353692e-13
1.501999999999999957e+01 -8.811033420593017418e-01
1.504000000000000092e+01 -2.921641646877366938e+00
1.506000000000000050e+01 -5.862395199676474711e+00
1.508000000000000007e+01 -7.967211313586624044e+00
1.509999999999999964e+01 -7.423192471294855821e+00
1.512000000000000099e+01 -3.941167691007863461e+00
1.514000000000000057e+01 8.980007900566138179e-01
1.516000000000000014e+01 4.863341459105775755e+00
1.517999999999999972e+01 6.750726115223837809e+00
1.520000000000000107e+01 7.020666878068765548e+00
1.522000000000000064e+01 6.896773958636466695e+00
1.524000000000000021e+01 6.867505805672120545e+00
1.525999999999999979e+01 6.075844990766384512e+00
1.528000000000000114e+01 3.218380024978478637e+00
1.530000000000000071e+01 -1.884350702706881098e+00
1.532000000000000028e+01 -7.570924447866772766e+00
1.533999999999999986e+01 -1.125866995732460296e+01
1.535999999999999943e+01 -1.128665180630752829e+01
1.538000000000000078e+01 -8.098885646742013833e+00
1.540000000000000036e+01 -3.751225502044583937e+00
1.541999999999999993e+01 -2.145667043438166388e-01
1.543999999999999950e+01 2.005362040556739611e+00
1.546000000000000085e+01 3.759040655251088658e+00
1.548000000000000043e+01 5.889055933851656377e+00
1.550000000000000000e+01 7.999999999999889866e+00
1.551999999999999957e+01 8.588176905604489875e+00
1.554000000000000092e+01 6.439743180728005001e+00
1.556000000000000050e+01 1.973676154080958645e+00
1.558000000000000007e+01 -2.783534329027344878e+00
1.559999999999999964e+01 -5.653338534634952062e+00
1.562000000000000099e+01 -5.922021233959787523e+00
1.564000000000000057e+01 -4.681775848545011165e+00
1.566000000000000014e+01 -3.617753816887539386e+00
1.567999999999999972e+01 -3.381829246991945759e+00
1.570000000000000107e+01 -3.059921207291906864e+00
1.572000000000000064e+01 -1.213048287949832549e+00
1.574000000000000021e+01 2.497383728897739186e+00
1.575999999999999979e+01 6.641741002359724533e+00
1.578000000000000114e+01 8.977061262395189090e+00
1.580000000000000071e+01 8.196237382653681180e+00
1.582000000000000028e+01 4.912771923518763906e+00
1.583999999999999986e+01 1.026651383849340515e+00
1.586000000000000121e+01 -1.902649102525568736e+00
1.588000000000000078e+01 -3.766891094619976954e+00
1.590000000000000036e+01 -5.521079438704268760e+00
1.591999999999999993e+01 -7.749384698072397271e+00
1.593999999999999950e+01 -9.634935378381458193e+00
1.596000000000000085e+01 -9.406570237535225587e+00
1.598000000000000043e+01 -5.931365322981950072e+00
1.600000000000000000e+01 -3.605360176689807810e-13
1.601999999999999957e+01 8.271832131494065266e+00
1.603999999999999915e+01 4.148909455699278936e+00
1.605999999999999872e+01 -2.880167432255244186e+00
1.608000000000000185e+01 2.897071879850341425e-01
1.610000000000000142e+01 6.373316570225878941e+00
1.612000000000000099e+01 2.335779524854390221e+00
1.614000000000000057e+01 -5.569890686104050026e+00
1.616000000000000014e+01 -3.595540415546711444e+00
1.617999999999999972e+01 3.388369598561373763e+00
1.619999999999999929e+01 1.036813228873020520e+00
1.621999999999999886e+01 -7.017550335419072915e+00
1.624000000000000199e+01 -5.326635644382834656e+00
1.626000000000000156e+01 4.468439236011259474e+00
1.628000000000000114e+01 5.958224970246476460e+00
1.630000000000000071e+01 -2.320892272712394622e+00
1.632000000000000028e+01 -4.652783146131742598e+00
1.633999999999999986e+01 2.816731249362429246e+00
1.635999999999999943e+01 5.789412149428879495e+00
1.637999999999999901e+01 -7.952293211470418122e-01
1.639999999999999858e+01 -3.579712076891420125e+00
1.642000000000000171e+01 3.225200447228626199e+00
1.644000000000000128e+01 6.222067012773102590e+00
1.646000000000000085e+01 -1.980617917054837474e+00
1.648000000000000043e+01 -8.054357148711172698e+00
1.650000000000000000e+01 -1.999999999999737987e+00
1.651999999999999957e+01 4.435048938847137912e+00
1.653999999999999915e+01 -5.690780419392024170e-01
1.655999999999999872e+01 -7.216826561432453602e+00
1.658000000000000185e+01 -2.475675188885121614e+00
1.660000000000000142e+01 5.930853086060764667e+00
1.662000000000000099e+01 4.300456041324304479e+00
1.664000000000000057e+01 -1.797305235716066818e+00
1.666000000000000014e+01 9.023746941900157026e-01
1.667999999999999972e+01 7.390971569846760403e+00
1.669999999999999929e+01 3.556960250212847008e+00
1.671999999999999886e+01 -6.459557904502950976e+00
1.674000000000000199e+01 -6.611746415926695875e+00
1.676000000000000156e+01 1.949323942375324137e+00
1.678000000000000114e+01 3.049091530161645913e+00
1.680000000000000071e+01 -4.841039294051864061e+00
1.682000000000000028e+01 -6.304244108246665590e+00
1.683999999999999986e+01 2.123042204807269240e+00
1.685999999999999943e+01 5.821052764221468223e+00
1.687999999999999901e+01 -4.087648284468148319e-01
1.689999999999999858e+01 -3.137248592726296970e+00
1.692000000000000171e+01 3.639441814930124863e+00
1.694000000000000128e+01 6.754500076770066030e+00
1.696000000000000085e+01 -1.066856484595444243e+00
1.698000000000000043e+01 -6.568714965233988679e+00
1.700000000000000000e+01 8.547246102278882917e-13
1.701999999999999957e+01 6.568714965233989567e+00
1.703999999999999915e+01 1.066856484596407473e+00
1.705999999999999872e+01 -6.754500076769777372e+00
1.708000000000000185e+01 -3.639441814928638941e+00
1.710000000000000142e+01 3.137248592725936369e+00
1.712000000000000099e+01 4.087648284477254368e-01
1.714000000000000057e+01 -5.821052764221122722e+00
1.716000000000000014e+01 -2.123042204808209821e+00
1.717999999999999972e+01 6.304244108246921385e+00
1.719999999999999929e+01 4.841039294052611908e+00
1.721999999999999886e+01 -3.049091530161070374e+00
1.724000000000000199e+01 -1.949323942373905272e+00
1.726000000000000156e+01 6.611746415927032494e+00
1.728000000000000114e+01 6.459557904503696157e+00
1.730000000000000071e+01 -3.556960250211876229e+00
1.732000000000000028e+01 -7.390971569846437994e+00
1.733999999999999986e+01 -9.023746941907715424e-01
1.735999999999999943e+01 1.797305235715827454e+00
1.737999999999999901e+01 -4.300456041323578837e+00
1.740000000000000213e+01 -5.930853086060454693e+00
1.742000000000000171e+01 2.475675188886916622e+00
1.744000000000000128e+01 7.216826561432672982e+00
1.746000000000000085e+01 5.690780419400728318e-01
1.748000000000000043e+01 -4.435048938847124589e+00
1.750000000000000000e+01 2.000000000000122569e+00
1.751999999999999957e+01 8.054357148711154935e+00
1.753999999999999915e+01 1.980617917054466659e+00
1.755999999999999872e+01 -6.222067012772742878e+00
1.758000000000000185e+01 -3.225200447228272260e+00
1.760000000000000142e+01 3.579712076891185202e+00
1.762000000000000099e+01 7.952293211478371759e-01
1.764000000000000057e+01 -5.789412149428534882e+00
1.766000000000000014e+01 -2.816731249363202849e+00
1.767999999999999972e+01 4.652783146132041914e+00
1.769999999999999929e+01 2.320892272713114046e+00
1.771999999999999886e+01 -5.958224970246742913e+00
1.774000000000000199e+01 -4.468439236010770976e+00
1.776000000000000156e+01 5.326635644383264534e+00
1.778000000000000114e+01 7.017550335419597829e+00
1.780000000000000071e+01 -1.036813228872228265e+00
1.782000000000000028e+01 -3.388369598561826290e+00
1.783999999999999986e+01 3.595540415545888102e+00
1.785999999999999943e+01 5.569890686103861732e+00
1.787999999999999901e+01 -2.335779524853444755e+00
1.790000000000000213e+01 -6.373316570225342481e+00
1.792000000000000171e+01 -2.897071879848600595e-01
1.794000000000000128e+01 2.880167432255236193e+00
1.796000000000000085e+01 -4.148909455698353455e+00
1.798000000000000043e+01 -8.271832131494196716e+00
1.800000000000000000e+01 -6.898201141816433899e-13
1.801999999999999957e+01 8.271832131493983553e+00
1.803999999999999915e+01 4.148909455698311710e+00
1.805999999999999872e+01 -2.880167432255192672e+00
1.808000000000000185e+01 2.897071879860224630e-01
1.810000000000000142e+01 6.373316570225793676e+00
1.812000000000000099e+01 2.335779524853424327e+00
1.814000000000000057e+01 -5.569890686103917687e+00
1.816000000000000014e+01 -3.595540415546985447e+00
1.817999999999999972e+01 3.388369598561157936e+00
1.819999999999999929e+01 1.036813228873363357e+00
1.821999999999999886e+01 -7.017550335419734608e+00
1.824000000000000199e+01 -5.326635644383148183e+00
1.826000000000000156e+01 4.468439236012023308e+00
1.828000000000000114e+01 5.958224970246632779e+00
1.830000000000000071e+01 -2.320892272713165116e+00
1.832000000000000028e+01 -4.652783146131829639e+00
1.833999999999999986e+01 2.816731249362068645e+00
1.835999999999999943e+01 5.789412149429037591e+00
1.837999999999999901e+01 -7.952293211466505696e-01
1.840000000000000213e+01 -3.579712076890714023e+00
1.842000000000000171e+01 3.225200447228346867e+00
1.844000000000000128e+01 6.222067012772886763e+00
1.846000000000000085e+01 -1.980617917054408927e+00
1.848000000000000043e+01 -8.054357148711224212e+00
1.850000000000000000e+01 -2.000000000000016431e+00
1.851999999999999957e+01 4.435048938847071298e+00
1.853999999999999915e+01 -5.690780419401539891e-01
1.855999999999999872e+01 -7.216826561432448273e+00
1.858000000000000185e+01 -2.475675188885435141e+00
1.860000000000000142e+01 5.930853086060598578e+00
1.862000000000000099e+01 4.300456041323410972e+00
1.864000000000000057e+01 -1.797305235715910054e+00
1.866000000000000014e+01 9.023746941896679807e-01
1.867999999999999972e+01 7.390971569846616518e+00
1.869999999999999929e+01 3.556960250213213381e+00
1.871999999999999886e+01 -6.459557904503628656e+00
1.874000000000000199e+01 -6.611746415926975651e+00
1.876000000000000156e+01 1.949323942375028818e+00
1.878000000000000114e+01 3.049091530161903929e+00
1.880000000000000071e+01 -4.841039294052636777e+00
1.882000000000000028e+01 -6.304244108246905398e+00
1.883999999999999986e+01 2.123042204806980582e+00
1.885999999999999943e+01 5.821052764221660070e+00
1.887999999999999901e+01 -4.087648284465439374e-01
1.890000000000000213e+01 -3.137248592725650376e+00
1.892000000000000171e+01 3.639441814929852193e+00
1.894000000000000128e+01 6.754500076769873296e+00
1.896000000000000085e+01 -1.066856484595018362e+00
1.898000000000000043e+01 -6.568714965233954928e+00
1.900000000000000000e+01 -8.035218074385374983e-13
1.901999999999999957e+01 6.568714965233938052e+00
1.903999999999999915e+01 1.066856484596761412e+00
1.905999999999999872e+01 -6.754500076769687666e+00
1.908000000000000185e+01 -3.639441814929024410e+00
1.910000000000000142e+01 3.137248592725944807e+00
1.912000000000000099e+01 4.087648284468281545e-01
1.914000000000000057e+01 -5.821052764221043674e+00
1.916000000000000014e+01 -2.123042204807303435e+00
1.917999999999999972e+01 6.304244108246681577e+00
1.919999999999999929e+01 4.841039294052944086e+00
1.921999999999999886e+01 -3.049091530160825236e+00
1.924000000000000199e+01 -1.949323942374200591e+00
1.926000000000000156e+01 6.611746415926718967e+00
1.928000000000000114e+01 6.459557904503979486e+00
1.930000000000000071e+01 -3.556960250212721775e+00
1.932000000000000028e+01 -7.390971569846591649e+00
1.933999999999999986e+01 -9.023746941899224439e-01
1.935999999999999943e+01 1.797305235715983329e+00
1.937999999999999901e+01 -4.300456041323204026e+00
1.940000000000000213e+01 -5.930853086060642099e+00
1.942000000000000171e+01 2.475675188886602207e+00
1.944000000000000128e+01 7.216826561432788445e+00
1.946000000000000085e+01 5.690780419405094825e-01
1.948000000000000043e+01 -4.435048938847058864e+00
1.950000000000000000e+01 1.999999999999730438e+00
1.951999999999999957e+01 8.054357148711186909e+00
1.953999999999999915e+01 1.980617917054895205e+00
1.955999999999999872e+01 -6.222067012772738437e+00
1.958000000000000185e+01 -3.225200447228755429e+00
1.960000000000000142e+01 3.579712076891048866e+00
1.962000000000000099e+01 7.952293211481737956e-01
1.964000000000000057e+01 -5.789412149428369680e+00
1.966000000000000014e+01 -2.816731249362325329e+00
1.967999999999999972e+01 4.652783146131780789e+00
1.969999999999999929e+01 2.320892272713447113e+00
1.971999999999999886e+01 -5.958224970246586594e+00
1.974000000000000199e+01 -4.468439236010025795e+00
1.976000000000000156e+01 5.326635644382974988e+00
1.978000000000000114e+01 7.017550335419837637e+00
1.980000000000000071e+01 -1.036813228871921400e+00
1.982000000000000028e+01 -3.388369598561964846e+00
1.983999999999999986e+01 3.595540415546721658e+00
1.985999999999999943e+01 5.569890686104090882e+00
1.987999999999999901e+01 -2.335779524853142330e+00
1.990000000000000213e+01 -6.373316570225427746e+00
1.992000000000000171e+01 -2.897071879839179243e-01
1.994000000000000128e+01 2.880167432255350768e+00
1.996000000000000085e+01 -4.148909455698022164e+00
1.998000000000000043e+01 -8.271832131494178952e+00
2.000000000000000000e+01 -1.132791048415922129e-12
