4.481689070338064518e+00
4.872145198388584397e+00
5.291167517305035872e+00
5.739470024824267824e+00
6.217528269319266165e+00
6.725533788088775999e+00
7.263347227446041998e+00
7.830451248443728751e+00
8.425904538326351556e+00
9.048298451136222553e+00
9.695717978578665353e+00
1.036570889030598686e+01
1.105525296664391099e+01
1.176075326213650030e+01
1.247803127204220885e+01
1.320233771533891343e+01
1.392837838966780950e+01
1.465035619337414197e+01
1.536202995041441177e+01
1.605679012476802114e+01
1.672775088821438416e+01
1.736785733166025025e+01
1.797000591443103445e+01
1.852717556179948488e+01
1.903256618549147561e+01
1.947974085308566927e+01
1.986276740686743025e+01
2.017635506358605824e+01
2.041598143988978364e+01
2.057800556124107771e+01
2.065976273132390872e+01
2.065963765885479120e+01
2.057711294149780201e+01
2.041279086270461107e+01
2.016838742694051589e+01
1.984669859416234061e+01
1.945153972289621080e+01
1.898766023864512320e+01
1.846063645858290769e+01
1.787674627811559347e+01
1.724283002212988691e+01
1.656614215687255509e+01
1.585419873326828544e+01
1.511462538808178380e+01
1.435501047738093128e+01
1.358276748036252002e+01
1.280501022315507775e+01
1.202844377074760196e+01
1.125927306343438339e+01
1.050313057552624585e+01
9.765023489848930538e+00
9.049300148486791429e+00
8.359634888693250332e+00
7.699029825610436362e+00
7.069831714959644131e+00
6.473761725596231642e+00
5.911955772664533093e+00
5.385012999465166317e+00
4.893050037342928427e+00
4.435758801550550245e+00
4.012465778628092394e+00
3.622191008113739841e+00
3.263705239623767795e+00
2.935584038256262129e+00
2.636257901855542318e+00
2.364057730569644633e+00
2.117255242869857668e+00
1.894098156175513026e+00
1.692840140513451663e+00
1.511765708681321208e+00
1.349210326591187448e+00
1.203576114805601671e+00
1.073343569819987575e+00
9.570797651901186143e-01
8.534435023139281817e-01
7.611878727890171170e-01
6.791606728603494236e-01
6.063030793028091336e-01
5.416469584741965271e-01
4.843111390580375208e-01
4.334969365150745935e-01
3.884831753046110725e-01
3.486209148898490318e-01
3.133280483646986303e-01
2.820839088436376541e-01
2.544239888634640678e-01
2.299348520500841264e-01
2.082492941254197871e-01
1.890417917648495594e-01
1.720242625770677380e-01
1.569421472295597086e-01
1.435708151258791032e-01
1.317122876960907241e-01
1.211922679432149430e-01
1.118574610741127906e-01
1.035731685407259434e-01
9.622113636776555290e-02
8.969763802051479440e-02
8.391177207910335833e-02
7.878395547217899308e-02
7.424459385040151072e-02
7.023291174094019318e-02
6.669592633251113234e-02
6.358755002972010795e-02
6.086780823477416780e-02
5.850216012644611496e-02
5.646091148377987284e-02
5.471870982740115186e-02
5.325411331332315784e-02
5.204922590708174063e-02
5.108939238825205287e-02
5.036294768831727636e-02
4.986101595210277321e-02
4.957735553970651909e-02
4.950824695817068744e-02
4.965242143670268310e-02
5.001102854289065508e-02
5.058764188676995871e-02
5.138830258109258059e-02
5.242160072542800114e-02
5.369879576360268164e-02
5.523397713219408561e-02
5.704426717466509061e-02
5.915006884188487440e-02
6.157536123379218213e-02
6.434804655485207303e-02
6.750035255076093643e-02
7.106929495496965010e-02
7.509720488614647638e-02
7.963232648177198669e-02
8.472949030289367300e-02
9.045086816817528297e-02
9.686681503169448926e-02
1.040568032599456794e-01
1.121104541314982411e-01
1.211286705103161443e-01
1.312248733534548406e-01
1.425263429185513464e-01
1.551756631401446096e-01
1.693322645430769546e-01
1.851740571482395903e-01
2.028991399925139105e-01
2.227275680278531511e-01
2.449031501937323496e-01
2.696952443043613146e-01
2.974005050226149471e-01
3.283445306196119962e-01
3.628833425186328565e-01
4.014046189516964902e-01
4.443285906731232471e-01
4.921084929507636430e-01
5.452304545011755765e-01
6.042126913077233707e-01
6.696038621751083664e-01
7.419804344042064681e-01
8.219429032388176903e-01
9.101107089891055102e-01
1.007115702308628791e+00
1.113594022355897328e+00
1.230176275821282417e+00
1.357475938215756628e+00
1.496075943307935363e+00
1.646513482682416152e+00
1.809263105070139321e+00
1.984718283706720987e+00
2.173171708058157847e+00
2.374794651486154429e+00
2.589615865540186856e+00
2.817500550356466071e+00
3.058130044041347251e+00
3.310982956126714782e+00
3.575318534934720294e+00
3.850163099545239831e+00
4.134300377834428275e+00
4.426266567258965168e+00
4.724350870412606263e+00
5.026602150280376158e+00
5.330842200102149597e+00
5.634685931863939068e+00
5.935568560414660411e+00
6.230779604570670926e+00
6.517503252446521067e+00
6.792864357991650337e+00
7.053979063323676080e+00
7.298008791795048467e+00
7.522216144622719369e+00
7.724021073097246948e+00
7.901055600545212165e+00
8.051215342024233834e+00
8.172706120094716198e+00
8.264084102559589695e+00
8.324288088891306003e+00
8.352662837851768884e+00
8.348972647234575106e+00
8.313404752144597509e+00
8.246562482926849569e+00
8.149448498809904962e+00
8.023438769713154173e+00
7.870248299012845727e+00
7.691889849353226616e+00
7.490627140160779796e+00
7.268924121683197903e+00
7.029391992734459471e+00
6.774735618775379109e+00
6.507700928372869953e+00
6.231024727756790504e+00
5.947388186083870210e+00
5.659375020850470506e+00
5.369435167237410766e+00
5.079854460530301097e+00
4.792730609782483775e+00
4.509955504689877159e+00
4.233203685332390442e+00
3.963926622800182376e+00
3.703352312147385472e+00
3.452489569633577116e+00
3.212136353715651982e+00
2.982891391797036107e+00
2.765168388942651045e+00
2.559212116195332953e+00
2.365115719733452249e+00
2.182838652582708150e+00
2.012224702716534530e+00
1.853019670268413410e+00
1.704888327897434941e+00
1.567430378424568005e+00
1.440195199751819199e+00
1.322695236591961310e+00
1.214417960178590938e+00
1.114836370042702640e+00
1.023418055825339845e+00
9.396328720930970935e-01
8.629593057237934239e-01
7.928896343744112896e-01
7.289339867304049925e-01
6.706234216451832930e-01
6.175121449091396375e-01
5.691789802062590109e-01
5.252282057222608103e-01
4.852898606699401207e-01
4.490196173978481253e-01
4.160983053407054100e-01
3.862311633386935616e-01
3.591468871796604789e-01
3.345965298927017773e-01
3.123523035507667078e-01
2.922063232618530293e-01
2.739693267233458962e-01
2.574693962165835459e-01
2.425507042274646363e-01
2.290722989663531994e-01
2.169069418804136229e-01
2.059400057456792221e-01
1.960684390295652779e-01
1.871997998595784363e-01
1.792513610532443791e-01
1.721492861932612806e-01
1.658278756098913176e-01
1.602288803042929699e-01
1.553008812617974743e-01
1.509987312188258157e-01
1.472830557224202030e-01
1.441198102236844192e-01
1.414798899470787186e-01
1.393387893520602050e-01
1.376763081314263670e-01
1.364763008545649137e-01
1.357264675491234585e-01
1.354181827091277823e-01
1.355463604109228559e-01
1.361093534015321294e-01
1.371088841892789678e-01
1.385500063066749388e-01
1.404410940240544969e-01
1.427938588628513972e-01
1.456233912834746236e-01
1.489482258980831253e-01
1.527904284766424814e-01
1.571757028687275903e-01
1.621335157467405363e-01
1.676972367815108556e-01
1.739042914818079155e-01
1.807963234585666101e-01
1.884193623068126655e-01
1.968239926287697339e-01
2.060655189475915916e-01
2.162041203822149815e-01
2.273049879729552025e-01
2.394384364718593894e-01
2.526799812540066470e-01
2.671103697849522840e-01
2.828155558218586885e-01
2.998866032670292059e-01
3.184195053777692519e-01
3.385149039217478784e-01
3.602776919196825078e-01
3.838164829159625424e-01
4.092429293528885292e-01
4.366708726950385144e-01
4.662153085649303752e-01
4.979911514217501556e-01
5.321117853546676324e-01
5.686873904787425049e-01
6.078230383108678136e-01
6.496165544416273585e-01
6.941561528537500969e-01
7.415178533777913028e-01
7.917627019811487310e-01
8.449338227598127693e-01
9.010533404794188739e-01
9.601192230557112905e-01
1.022102104161171976e+00
1.086942156803541781e+00
1.154546098782392560e+00
1.224784419868191199e+00
1.297488927797952218e+00
1.372450715152775613e+00
1.449418651292465610e+00
1.528098502227967614e+00
1.608152776147390384e+00
1.689201382926075246e+00
1.770823182149148689e+00
1.852558475949911188e+00
1.933912480528636513e+00
2.014359784010498977e+00
2.093349769014689610e+00
2.170312946861044701e+00
2.244668117864215606e+00
2.315830239956638170e+00
2.383218857349139519e+00
2.446266913534693277e+00
2.504429750083135620e+00
2.557194075660717214e+00
2.604086679634844970e+00
2.644682662311574450e+00
2.678612959781624170e+00
2.705570955615086426e+00
2.725317993933674465e+00
2.737687637983609257e+00
2.742588554136041523e+00
2.740005941832259762e+00
2.730001473693695058e+00
2.712711754995179803e+00
2.688345356057871616e+00
2.657178513003302989e+00
2.619549630016076325e+00
2.575852748319440000e+00
2.526530172315460288e+00
2.472064460983017131e+00
2.412970002257021296e+00
2.349784389722008981e+00
2.283059814907849372e+00
2.213354675475465605e+00
2.141225580600609746e+00
2.067219911084271722e+00
1.991869064446200044e+00
1.915682485849852457e+00
1.839142555494551523e+00
1.762700373334914028e+00
1.686772453747048983e+00
1.611738316969152152e+00
1.537938941508048440e+00
1.465676022709518911e+00
1.395211967612819404e+00
1.326770545119024147e+00
1.260538103294367440e+00
1.196665262049636969e+00
1.135268989118098037e+00
1.076434969749309856e+00
1.020220185349725694e+00
9.666556229217959650e-01
9.157490450780862989e-01
8.674877591638027186e-01
8.218413331827874035e-01
7.787642154198149980e-01
7.381982235780840673e-01
7.000748776636732673e-01
6.643175585685467954e-01
6.308434812101557654e-01
5.995654771100654701e-01
5.703935864130186273e-01
5.432364635748589965e-01
5.180026043251261259e-01
4.946014041016826290e-01
4.729440600385809712e-01
4.529443298510864024e-01
4.345191616931957101e-01
4.175892093524709026e-01
4.020792470794386508e-01
3.879184980037996833e-01
3.750408895386007080e-01
3.633852484795296878e-01
3.528954477245699328e-01
3.435205157148717436e-01
3.352147188694423185e-01
3.279376264842619459e-01
3.216541668147473998e-01
3.163346823772456018e-01
3.119549919032669760e-01
3.084964658686226158e-01
3.059461221035704170e-01
3.042967476722739928e-01
3.035470529904100712e-01
3.037018640269872338e-01
3.047723584071654335e-01
3.067763512923982194e-01
3.097386370566584390e-01
3.136913929955433278e-01
3.186746515898493670e-01
3.247368481861680478e-01
3.319354513412796082e-01
3.403376834890519120e-01
3.500213400091459759e-01
3.610757151828815070e-01
3.736026438847609987e-01
3.877176681439357675e-01
4.035513378764123416e-01
4.212506550857143539e-01
4.409806705966964335e-01
4.629262418527238521e-01
4.872939593864214491e-01
5.143142481708862235e-01
5.442436480592024450e-01
5.773672747979056163e-01
6.140014595118398200e-01
6.544965599471023188e-01
6.992399309563748222e-01
7.486590345390773393e-01
8.032246610264324183e-01
8.634542225508414770e-01
9.299150675971024071e-01
1.003227751062301998e+00
1.084069177759091840e+00
1.173175518652354699e+00
1.271344778378709739e+00
1.379438869931644662e+00
1.498385028116414830e+00
1.629176367978462769e+00
1.772871368587452423e+00
1.930592037256028126e+00
2.103520485700736575e+00
2.292893629310493342e+00
2.499995705378063260e+00
2.726148297961911826e+00
2.972697558336665491e+00
3.240998323325082975e+00
3.532394861866346769e+00
3.848198025653408294e+00
4.189658645083265576e+00
4.557937099273138948e+00
4.954069100058744013e+00
5.378927865409401932e+00
5.833183017121482017e+00
6.317256719115200703e+00
6.831277772604254395e+00
7.375034597388044233e+00
7.947928247058448470e+00
8.548926820519604064e+00
9.176522831463056917e+00
9.828695268307479083e+00
1.050287820544491169e+01
1.119593789785170834e+01
1.190416029106275708e+01
1.262325079446451248e+01
1.334834798772239672e+01
1.407405265153246710e+01
1.479447313324909707e+01
1.550328757954595993e+01
1.619382300281427689e+01
1.685915051296282741e+01
1.749219536567137112e+01
1.808585978187641530e+01
1.863315581586279635e+01
1.912734492817638809e+01
1.956208039271440668e+01
1.993154827094508619e+01
2.023060245193112294e+01
2.045488920924224274e+01
2.060095688017447912e+01
2.066634663309222475e+01
2.064966084719717188e+01
2.055060636537725927e+01
2.037001076322293969e+01
2.010981076420095093e+01
1.977301297334198793e+01
1.936362814635157292e+01
1.888658120375667693e+01
1.834760008935199949e+01
1.775308731387993788e+01
1.710997858283779394e+01
1.642559325726485753e+01
1.570748152680049436e+01
1.496327308684498547e+01
1.420053182043343831e+01
1.342662051561221936e+01
1.264857903464031175e+01
1.187301863224308818e+01
1.110603433952756625e+01
1.035313653122066135e+01
9.619202017182319153e+00
8.908444280265809923e+00
8.224401850456027674e+00
7.569943280919137152e+00
6.947286788030091920e+00
6.358032339441009206e+00
5.803203819321377743e+00
5.283298859308169781e+00
4.798343983889894915e+00
4.347952862983426314e+00
3.931385673584776530e+00
3.547607827341938247e+00
3.195346603196496993e+00
2.873144517015150168e+00
2.579408548864053685e+00
2.312454621484326456e+00
2.070546971721971108e+00
1.851932274099385989e+00
1.654868558972362402e+00
1.477649115663074886e+00
1.318621684359113866e+00
1.176203321638288335e+00
1.048891376472218084e+00
9.352710403768914604e-01
8.340199412120069544e-01
7.439102392063656755e-01
6.638086601273739396e-01
5.926748677969279067e-01
5.295585396104002252e-01
4.735954670708028558e-01
4.240029608274572537e-01
3.800747980391132042e-01
3.411759103464216403e-01
3.067369742230969809e-01
2.762490325259067681e-01
2.492582469533680678e-01
2.253608559058566663e-01
2.041983908078023047e-01
1.854531860819107758e-01
1.688442033558729682e-01
1.541231787916005902e-01
1.410710932953699037e-01
1.294949584369067264e-01
1.192249058343925333e-01
1.101115642341432971e-01
1.020237062425954355e-01
9.484614540173615105e-02
8.847786381880999584e-02
8.283035068109587118e-02
7.782613255145971742e-02
7.339747722270625885e-02
6.948525400538184404e-02
6.603793455312637062e-02
6.301071962854194741e-02
6.036477853298894553e-02
5.806658923049920484e-02
5.608736846428995226e-02
5.440258237771457978e-02
5.299152929992650973e-02
5.183698743528053487e-02
5.092492120358315527e-02
5.024424091766981765e-02
4.978661135940839338e-02
4.954630563049428060e-02
4.952010141657067072e-02
4.970721751899513652e-02
5.010928918480054423e-02
5.073038140870587964e-02
5.157703999762933839e-02
5.265838078357826940e-02
5.398621794966112358e-02
5.557523299976170617e-02
5.744318645713738375e-02
5.961117492111771970e-02
6.210393664224882898e-02
6.495020929015726807e-02
6.818314407741309091e-02
7.184078085536062253e-02
7.596658919846550895e-02
8.061008082109730188e-02
8.582749889787931463e-02
9.168258995180060544e-02
9.824746389145545822e-02
1.056035474698938242e-01
1.138426358427858665e-01
1.230680459537273064e-01
1.333958740900039464e-01
1.449563580439075794e-01
1.578953417852634322e-01
1.723758372954355134e-01
1.885796741236705487e-01
2.067092221954436870e-01
2.269891673283481737e-01
2.496683117072286406e-01
2.750213631743290699e-01
3.033506675759223281e-01
3.349878275987938636e-01
3.702951396191285771e-01
4.096667672484045619e-01
4.535295567743528045e-01
5.023433859602143281e-01
5.566009242192589968e-01
6.168266697140104560e-01
6.835751182867837450e-01
7.574279113151238807e-01
8.389898057526307129e-01
9.288833110296248474e-01
1.027741845495950601e+00
1.136201281048520917e+00
1.254889769792056464e+00
1.384415782161792619e+00
1.525354332731105433e+00
1.678231428363306632e+00
1.843506843319406396e+00
2.021555406586577508e+00
2.212647076430976689e+00
2.416926173483934015e+00
2.634390243088040151e+00
2.864869115771219388e+00
3.108004826349819893e+00
3.363233131375148233e+00
3.629767425099369671e+00
3.906585889425968183e+00
4.192422717343281313e+00
4.485764216830514961e+00
4.784850529187820278e+00
5.087683579974317638e+00
5.392041722258372083e+00
5.695501333254632925e+00
5.995465391959051260e+00
6.289198805149416316e+00
6.573869972704049047e+00
6.846597803353577483e+00
7.104503122952827709e+00
7.344763174086853752e+00
7.564667702978237429e+00
7.761674980654822420e+00
7.933466021315165762e+00
8.077995249763347374e+00
8.193535935761131483e+00
8.278718855885335515e+00
8.332562858170913245e+00
8.354496282295940546e+00
8.344368515280047305e+00
8.302451323501806257e+00
8.229429978126097112e+00
8.126384563737678590e+00
7.994762210454293694e+00
7.836341300984877911e+00
7.653188961593994755e+00
7.447613338834205621e+00
7.222112285364649331e+00
6.979320125669172370e+00
6.721954147747190689e+00
6.452762375487650637e+00
6.174474027356747996e+00
5.889753871606643543e+00
5.601161459422303146e+00
5.311115968893748374e+00
5.021867137819105764e+00
4.735472514508425768e+00
4.453781023700051023e+00
4.178422638085878660e+00
3.910803771082031144e+00
3.652107867269737795e+00
3.403300564959995445e+00
3.165138740089830094e+00
2.938182709879301413e+00
2.722810874734204578e+00
2.519236103185612308e+00
2.327523212079646076e+00
2.147606957458671584e+00
1.979310025433530962e+00
1.822360592052243655e+00
1.676409102510759253e+00
1.541043999499344785e+00
1.415806205242351012e+00
1.300202229821303179e+00
1.193715838307544796e+00
1.095818260339898265e+00
1.005976967855827464e+00
9.236630799437861583e-01
8.483574787812533380e-01
7.795557381324332846e-01
7.167719768250920831e-01
6.595417549955066017e-01
6.074241316780961686e-01
5.600029994802468991e-01
5.168878065039580472e-01
4.777137681427218729e-01
4.421416625763714969e-01
4.098572942779312167e-01
3.805707000996569889e-01
3.540151628817391760e-01
3.299460882988171639e-01
3.081397920188735928e-01
2.883922363216450124e-01
2.705177481794948657e-01
2.543477444694296485e-01
2.397294844531256408e-01
2.265248649007041704e-01
2.146092691944238851e-01
2.038704783704750612e-01
1.942076492747711880e-01
1.855303627544474809e-01
1.777577430134416048e-01
1.708176478643892993e-01
1.646459285504686676e-01
1.591857570352264717e-01
1.543870181172784517e-01
1.502057633766350764e-01
1.466037237627702272e-01
1.435478775588225342e-01
1.410100704736267085e-01
1.389666847000966265e-01
1.373983539148767585e-01
1.362897213634170213e-01
1.356292383627122899e-01
1.354090007490099945e-01
1.356246209897696564e-01
1.362751338593811423e-01
1.373629337388919958e-01
1.388937417343102665e-01
1.408766009093857796e-01
1.433238979907530686e-01
1.462514099197395334e-01
1.496783735894625655e-01
1.536275770116287132e-01
1.581254699978405509e-01
1.632022922082808913e-01
1.688922161095191832e-01
1.752335019858289600e-01
1.822686616586330632e-01
1.900446269807704036e-01
1.986129184818487825e-01
2.080298087458461731e-01
2.183564742022484906e-01
2.296591280113784717e-01
2.420091256312834060e-01
2.554830334811657999e-01
2.701626498857020442e-01
2.861349662234579094e-01
3.034920549487183372e-01
3.223308699565026192e-01
3.427529436736592716e-01
3.648639643543735711e-01
3.887732164172765792e-01
4.145928663756600629e-01
4.424370770836855149e-01
4.724209337588385904e-01
5.046591666572032286e-01
5.392646574855592956e-01
5.763467197395601982e-01
6.160091472518749445e-01
6.583480303905759889e-01
7.034493456057862026e-01
7.513863313813350375e-01
8.022166720586698663e-01
8.559795203500728533e-01
9.126923994710387511e-01
9.723480364439027746e-01
1.034911188927000625e+00
1.100315538502233625e+00
1.168460733231779791e+00
1.239209670940398134e+00
1.312386121519148352e+00
1.387772790987656713e+00
1.465109931520040876e+00
1.544094599600668527e+00
1.624380658486265228e+00
1.705579610888017239e+00
1.787262333089555622e+00
1.868961762620581446e+00
1.950176568365735275e+00
2.030375805100904874e+00
2.109004524646195922e+00
2.185490284076191170e+00
2.259250458896230995e+00
2.329700237106074656e+00
2.396261140052752925e+00
2.458369889373322792e+00
2.515487417546757865e+00
2.567107803875330774e+00
2.612766909146716721e+00
2.652050481545861871e+00
2.684601513994389954e+00
2.710126649011974642e+00
2.728401451021708279e+00
2.739274396963524705e+00
2.742669472969607281e+00
2.738587306212854511e+00
2.727104805149507261e+00
2.708373326383366919e+00
2.682615430385093092e+00
2.650120329475687875e+00
2.611238168162602680e+00
2.566373306686740019e+00
2.515976802408405266e+00
2.460538299711151122e+00
2.400577547107958676e+00
2.336635760264615946e+00
2.269267042144655466e+00
2.199030057193292809e+00
2.126480136431867063e+00
2.052161965745553207e+00
1.976602981836508066e+00
1.900307570639211407e+00
1.823752132774796086e+00
1.747381051071150493e+00
1.671603567360247178e+00
1.596791550557317363e+00
1.523278116089940237e+00
1.451357038524342391e+00
1.381282884960344459e+00
1.313271786469258684e+00
1.247502758395805600e+00
1.184119477451951452e+00
1.123232423816605152e+00
1.064921299456143000e+00
1.009237639099423545e+00
9.562075372229631443e-01
9.058344225312077169e-01
8.581018202873320622e-01
8.129760520469755392e-01
7.704088315125365849e-01
7.303397240665024936e-01
6.926984458277455348e-01
6.574069856394690881e-01
6.243815401298199452e-01
5.935342578299341865e-01
5.647747932711252306e-01
5.380116760349945570e-01
5.131535029443744511e-01
4.901099640250842215e-01
4.687927146207077622e-01
4.491161071911023428e-01
4.309977969608836390e-01
4.143592357951393357e-01
3.991260685500901961e-01
3.852284457545815388e-01
3.726012658936342370e-01
3.611843598493982288e-01
3.509226292611847264e-01
3.417661497380444779e-01
3.336702490323576464e-01
3.265955694891460870e-01
3.205081233467650947e-01
3.153793487966804476e-01
3.111861741257612168e-01
3.079110967718123870e-01
3.055422837266186797e-01
3.040736994228070422e-01
3.035052670410174902e-01
3.038430690701497405e-01
3.050995929425263653e-01
3.072940276424346862e-01
3.104526173448807214e-01
3.146090783735322471e-01
3.198050860638639858e-01
3.260908384682940087e-01
3.335257042312384512e-01
3.421789623773268674e-01
3.521306421757205984e-01
3.634724716433674896e-01
3.763089436005773725e-01
3.907585084577469003e-01
4.069549030488427976e-01
4.250486247830746467e-01
4.452085600987419345e-01
4.676237755984122280e-01
4.925054792356800548e-01
5.200891574102501913e-01
5.506368916943462644e-01
5.844398560290127165e-01
6.218209914482655254e-01
6.631378505524917477e-01
7.087855978892448894e-01
7.592001449307202998e-01
8.148613892810842030e-01
8.762965169286640599e-01
9.440833136178750085e-01
1.018853416624333041e+00
1.101295421292142640e+00
1.192157737617834279e+00
1.292251071020249276e+00
1.402450378414726417e+00
1.523696126159209241e+00
1.656994650892491761e+00
1.803417398482546563e+00
1.964098791242230080e+00
2.140232450517033147e+00
2.333065482264809809e+00
2.543890519192714361e+00
2.774035206537057707e+00
3.024848822072430554e+00
3.297685737015011664e+00
3.593885455834904263e+00
3.914749022283642521e+00
4.261511648639775274e+00
4.635311517338083220e+00
5.037154820183884496e+00
5.467877240758663326e+00
5.928102249679700897e+00
6.418196767898939115e+00
6.938224956295367285e+00
7.487901104576701883e+00
8.066542811087211717e+00
8.673025857608926970e+00
9.305742377871933257e+00
9.962564081971432728e+00
1.064081241690223223e+01
1.133723760141956483e+01
1.204800845744512472e+01
1.276871485797881434e+01
1.349438441351427720e+01
1.421951471976374926e+01
1.493812208866834013e+01
1.564380718769398371e+01
1.632983743135150689e+01
1.698924532254661912e+01
1.761494125503002905e+01
1.819983859284505812e+01
1.873698817351753831e+01
1.921971877649742311e+01
1.964177959493472159e+01
1.999748038270913497e+01
2.028182475019239561e+01
2.049063207433256295e+01
2.062064368446760199e+01
2.066960938653128821e+01
2.063635098457653072e+01
2.052080022715936991e+01
2.032400951318367532e+01
2.004813469398261105e+01
1.969639035557282014e+01
1.927297900344895609e+01
1.878299654822681575e+01
1.823231735369425266e+01
1.762746281609534904e+01
1.697545796116408212e+01
1.628368085175408453e+01
1.555970968499078388e+01
1.481117232793044280e+01
1.404560271124313431e+01
1.327030799857054433e+01
1.249224981034833348e+01
1.171794204591524036e+01
1.095336706000022531e+01
1.020391115208049726e+01
9.474319559349327236e+00
8.768670440512842390e+00
8.090366725741407805e+00
7.442144207308497350e+00
6.826093866983235614e+00
6.243696183409136680e+00
5.695865031628477126e+00
5.182998767802367901e+00
4.705036170662360462e+00
4.261515069886521623e+00
3.851631711474119424e+00
3.474299172098719524e+00
3.128203420110725830e+00
2.811855913905573878e+00
2.523641914775713424e+00
2.261863959924174772e+00
2.024780183724738780e+00
1.810637386070414356e+00
1.617698922836206865e+00
1.444267634366160458e+00
1.288704134578499305e+00
1.149440858218469641e+00
1.024992310393116224e+00
9.139619847764592908e-01
8.150464190035894285e-01
7.270368419727820664e-01
6.488188420127868339e-01
5.793704507412160698e-01
5.177589980681405191e-01
4.631370518158117178e-01
4.147377129504540849e-01
3.718694960919838866e-01
3.339109859809315517e-01
3.003054247484411854e-01
2.705553526440687695e-01
2.442173965502716371e-01
2.208972761689940445e-01
2.002450770710370587e-01
1.819508226094806447e-01
1.657403627043260164e-01
1.513715863586138632e-01
1.386309561055411865e-01
1.273303560563378567e-01
1.173042404822990936e-01
1.084070666107405378e-01
1.005109932647133275e-01
9.350382588435841857e-02
8.728718812204599997e-02
8.177490042441792895e-02
7.689154665260081178e-02
7.257121072476295509e-02
6.875636639448273746e-02
6.539690452632443418e-02
